---------------------------------
        Stack trace.
---------------------------------
PL/0 code:

  0  INC         1
  1  LIT        10
  2  STO    0    0
  3  LOD    0    0
  4  LIT         5
  5  NEQ
  6  JPC        16
  7  LOD    0    0
  8  LIT         5
  9  GTR
 10  JPC        16
 11  LOD    0    0
 12  LIT         1
 13  SUB
 14  STO    0    0
 15  JMP         7
 16  SIO         3


Execution:
                      pc   bp   sp   stack
                       0    1    0
  0  INC         1     1    1    1   0
  1  LIT        10     2    1    2   0 10
  2  STO    0    0     3    1    1   10
  3  LOD    0    0     4    1    2   10 10
  4  LIT         5     5    1    3   10 10 5
  5  NEQ               6    1    2   10 1
  6  JPC        16     7    1    1   10
  7  LOD    0    0     8    1    2   10 10
  8  LIT         5     9    1    3   10 10 5
  9  GTR              10    1    2   10 1
 10  JPC        16    11    1    1   10
 11  LOD    0    0    12    1    2   10 10
 12  LIT         1    13    1    3   10 10 1
 13  SUB              14    1    2   10 9
 14  STO    0    0    15    1    1   9
 15  JMP         7     7    1    1   9
  7  LOD    0    0     8    1    2   9 9
  8  LIT         5     9    1    3   9 9 5
  9  GTR              10    1    2   9 1
 10  JPC        16    11    1    1   9
 11  LOD    0    0    12    1    2   9 9
 12  LIT         1    13    1    3   9 9 1
 13  SUB              14    1    2   9 8
 14  STO    0    0    15    1    1   8
 15  JMP         7     7    1    1   8
  7  LOD    0    0     8    1    2   8 8
  8  LIT         5     9    1    3   8 8 5
  9  GTR              10    1    2   8 1
 10  JPC        16    11    1    1   8
 11  LOD    0    0    12    1    2   8 8
 12  LIT         1    13    1    3   8 8 1
 13  SUB              14    1    2   8 7
 14  STO    0    0    15    1    1   7
 15  JMP         7     7    1    1   7
  7  LOD    0    0     8    1    2   7 7
  8  LIT         5     9    1    3   7 7 5
  9  GTR              10    1    2   7 1
 10  JPC        16    11    1    1   7
 11  LOD    0    0    12    1    2   7 7
 12  LIT         1    13    1    3   7 7 1
 13  SUB              14    1    2   7 6
 14  STO    0    0    15    1    1   6
 15  JMP         7     7    1    1   6
  7  LOD    0    0     8    1    2   6 6
  8  LIT         5     9    1    3   6 6 5
  9  GTR              10    1    2   6 1
 10  JPC        16    11    1    1   6
 11  LOD    0    0    12    1    2   6 6
 12  LIT         1    13    1    3   6 6 1
 13  SUB              14    1    2   6 5
 14  STO    0    0    15    1    1   5
 15  JMP         7     7    1    1   5
  7  LOD    0    0     8    1    2   5 5
  8  LIT         5     9    1    3   5 5 5
  9  GTR              10    1    2   5 0
 10  JPC        16    16    1    1   5
 16  SIO         3    17    1    1   5
